222222229    0    0                1111  
388332423    0    0                1111  
222222222    0    0                1111  
111111119    0    0                HND  
090909090    0    0                HAHA  
388383838    0    0                HAHA  
999922222    0    0                HAHA  
939393939    0    0                HAHA  
111111111    0    0                HND  
999999999    0    0                HND  
111111111    0    0                VNVNV  
222222222    0    0                VNVNV  
999999999    0    0                VNVNV  
555555555    0    0                VNVNV  
666666666    0    0                VNVNV  
289347387    0    0                VNVNV  
388239393    0    0                VNVNV  
327483874    0    0                VNVNV  
123456789    0    0                VNVNV  
987654321    0    0                VNVNV  
121212121    0    0                VNVNV  
993920300    0    0                VNVNV  
888299999    0    0                VNVNV  
388239333    0    0                VNVNV  
989898989    0    0                VNVNV  
777788888    0    0                VNVNV  
383832023    0    0                VNVNV  
109928374    0    0                VNVNV  
883772304    0    0                VNVNV  
283882392    0    0                VNVNV  
123456789    0    0                SCGC  
987654320    0    0                VNHCM01  
123456789    0    0                VNHCM01  
123456789    0    0                VNHCM  
111111111    1    0                VNHCM  
999999999    0    0                VNHCM  
222222222    1    0                VNHCM  
333333333    0    0                VNHCM  
388483883    0    0                VNHCM  
555555555    0    0                VNHCM  
666666666    0    0                VNHCM  
983823483    0    0                VNHCM  
832838232    0    0                VNHCM  
288239204    0    0                VNHCM  
